1 2 1
1 4 1
1 5 1
1 7 1
1 22 1
1 23 1
1 36 1
1 40 1
1 52 1
1 53 1
1 92 1
1 97 1
2 1 1
2 3 1
2 4 1
2 6 1
2 8 1
2 9 1
2 10 1
2 12 1
2 18 1
2 26 1
2 30 1
2 33 1
2 42 1
2 49 1
2 50 1
2 51 1
2 54 1
2 57 1
2 60 1
2 62 1
2 63 1
2 68 1
2 71 1
2 75 1
2 81 1
2 83 1
2 84 1
2 98 1
2 99 1
3 2 1
3 22 1
3 43 1
4 1 1
4 2 1
4 6 1
4 14 1
4 18 1
4 22 1
4 43 1
4 63 1
5 1 1
6 2 1
6 4 1
6 10 1
6 11 1
6 16 1
6 19 1
6 25 1
6 32 1
6 77 1
6 96 1
7 1 1
7 28 1
8 2 1
8 92 1
9 2 1
10 2 1
10 6 1
10 12 1
10 78 1
11 6 1
11 13 1
11 15 1
11 17 1
11 21 1
11 27 1
11 32 1
11 35 1
11 38 1
11 49 1
11 64 1
11 73 1
11 85 1
12 2 1
12 10 1
12 91 1
13 11 1
13 70 1
14 4 1
14 24 1
14 32 1
14 73 1
15 11 1
15 20 1
15 30 1
15 31 1
15 43 1
15 44 1
15 59 1
15 78 1
16 6 1
16 100 1
17 11 1
17 59 1
18 2 1
18 4 1
18 55 1
18 62 1
18 93 1
19 6 1
20 15 1
20 31 1
21 11 1
21 22 1
21 34 1
21 41 1
21 45 1
21 76 1
21 77 1
22 1 1
22 3 1
22 4 1
22 21 1
22 37 1
22 41 1
22 47 1
22 55 1
22 56 1
22 62 1
22 69 1
23 1 1
24 14 1
24 29 1
25 6 1
26 2 1
27 11 1
27 67 1
28 7 1
28 30 1
28 37 1
28 44 1
28 48 1
28 65 1
28 86 1
29 24 1
30 2 1
30 15 1
30 28 1
30 39 1
30 54 1
30 84 1
30 87 1
30 91 1
31 15 1
31 20 1
31 32 1
31 54 1
31 62 1
31 72 1
31 76 1
31 82 1
32 6 1
32 11 1
32 14 1
32 31 1
32 58 1
32 60 1
32 61 1
33 2 1
33 44 1
33 47 1
34 21 1
35 11 1
36 1 1
37 22 1
37 28 1
38 11 1
38 41 1
39 30 1
40 1 1
41 21 1
41 22 1
41 38 1
41 65 1
41 72 1
41 94 1
42 2 1
42 90 1
43 3 1
43 4 1
43 15 1
43 46 1
43 53 1
43 74 1
43 95 1
44 15 1
44 28 1
44 33 1
44 46 1
44 61 1
44 71 1
45 21 1
45 75 1
46 43 1
46 44 1
46 89 1
47 22 1
47 33 1
48 28 1
49 2 1
49 11 1
49 66 1
49 73 1
49 88 1
50 2 1
51 2 1
52 1 1
52 86 1
53 1 1
53 43 1
54 2 1
54 30 1
54 31 1
54 99 1
55 18 1
55 22 1
55 95 1
56 22 1
57 2 1
58 32 1
58 64 1
59 15 1
59 17 1
60 2 1
60 32 1
61 32 1
61 44 1
62 2 1
62 18 1
62 22 1
62 31 1
62 82 1
62 99 1
63 2 1
63 4 1
64 11 1
64 58 1
65 28 1
65 41 1
66 49 1
67 27 1
68 2 1
68 88 1
69 22 1
70 13 1
71 2 1
71 44 1
72 31 1
72 41 1
73 11 1
73 14 1
73 49 1
74 43 1
75 2 1
75 45 1
75 79 1
76 21 1
76 31 1
77 6 1
77 21 1
78 10 1
78 15 1
78 80 1
79 75 1
80 78 1
81 2 1
82 31 1
82 62 1
82 98 1
83 2 1
84 2 1
84 30 1
85 11 1
86 28 1
86 52 1
87 30 1
88 49 1
88 68 1
89 46 1
90 42 1
91 12 1
91 30 1
92 1 1
92 8 1
93 18 1
94 41 1
95 43 1
95 55 1
96 6 1
97 1 1
98 2 1
98 82 1
99 2 1
99 54 1
99 62 1
100 16 1
