2 1 5 6 3 4 12 11 13 14 8 7 9 10 18 19 20 15 16 17
3 8 1 7 12 15 4 2 11 13 9 5 10 20 6 18 19 16 17 14
4 10 9 1 15 17 16 12 3 2 20 8 19 18 5 7 6 14 13 11
5 11 2 12 7 18 6 1 8 9 13 3 14 17 4 15 16 19 20 10
6 14 13 2 18 20 19 7 5 1 17 11 16 15 3 12 4 10 9 8
7 13 11 3 6 19 18 5 1 8 14 2 17 16 12 4 15 20 10 9
8 3 12 15 1 7 5 9 10 20 2 4 11 13 16 17 14 6 18 19
9 12 4 16 8 5 1 10 20 19 3 15 2 11 17 14 13 7 6 18
10 4 15 17 9 1 8 20 19 18 12 16 3 2 14 13 11 5 7 6
11 5 7 18 2 12 3 13 14 17 1 6 8 9 19 20 10 4 15 16
12 9 8 5 4 16 15 3 2 11 10 1 20 19 7 6 18 17 14 13
13 7 6 19 11 3 2 14 17 16 5 18 1 8 20 10 9 12 4 15
14 6 18 20 13 2 11 17 16 15 7 19 5 1 10 9 8 3 12 4
15 20 10 8 16 14 17 4 12 3 19 9 18 6 1 5 7 13 11 2
16 19 20 9 17 13 14 15 4 12 18 10 6 7 8 1 5 11 2 3
17 18 19 10 14 11 13 16 15 4 6 20 7 5 9 8 1 2 3 12
18 17 14 11 19 10 20 6 7 5 16 13 15 4 2 3 12 9 8 1
19 16 17 13 20 9 10 18 6 7 15 14 4 12 11 2 3 8 1 5
20 15 16 14 10 8 9 19 18 6 4 17 12 3 13 11 2 1 5 7